  128
FINAL HEAT OF FORMATION = -2927.781920
 C    -4.825245    -0.397840     4.493589
 C    -5.413096    -0.981378     3.380285
 C    -4.706869    -1.079114     2.172751
 C    -3.415605    -0.544154     2.105633
 C    -2.848749     0.063248     3.220923
 C    -3.541245     0.126068     4.420125
 N    -2.940389     0.707095     5.561604
 C    -6.807442    -1.536451     3.476853
 C    -2.641928    -0.563352     0.815660
 C    -1.685500     0.250792     5.980295
 C    -0.772903     1.119596     6.580854
 C    -4.503994     2.549564     5.681393
 C    -3.684546     1.618931     6.321780
 C    -5.285022     3.420364     6.420661
 C    -5.253367     3.395983     7.807529
 C    -4.434586     2.476962     8.446624
 C    -3.664036     1.587511     7.716322
 C    -1.310119    -1.077741     5.770228
 C    -0.055693    -1.519652     6.152750
 C     0.843661    -0.658253     6.763786
 C     0.471916     0.661164     6.976425
 C    -6.702395    -1.706470    -1.261345
 C    -6.130837    -1.023386    -0.142519
 B    -5.357330    -1.808779     0.929779
 C    -5.223124    -3.337094     0.793397
 C    -5.795965    -4.017823    -0.325248
 B    -6.547395    -3.218509    -1.380755
 C    -4.543441    -4.085636     1.771099
 C    -4.430099    -5.452633     1.663480
 C    -5.001691    -6.126539     0.545117
 C    -5.665076    -5.417865    -0.423078
 C    -7.410771    -0.966664    -2.227983
 C    -7.556989     0.390702    -2.103589
 C    -6.988160     1.078394    -0.992751
 C    -6.292356     0.370223    -0.037722
 C    -3.103328    -6.443778     3.697271
 C    -2.635186    -7.669015     4.224253
 C    -2.848623    -8.876648     3.601466
 C    -3.563751    -8.924405     2.381067
 C    -4.012338    -7.702653     1.885445
 C    -3.800095    -6.458428     2.514780
 C    -3.874494   -10.067719     1.605373
 C    -4.581771    -9.933863     0.433225
 C    -5.023387    -8.680848    -0.047108
 C    -4.736725    -7.555820     0.685944
 C    -7.557926     4.867464    -0.906578
 C    -7.056313     3.637929    -0.421716
 C    -7.309964     2.495806    -1.138895
 C    -8.062506     2.614208    -2.326895
 C    -8.571726     3.808444    -2.827368
 C    -8.292170     4.968552    -2.065772
 C    -8.240110     1.361841    -2.947361
 C    -8.958556     1.300158    -4.115242
 C    -9.486982     2.497400    -4.645182
 C    -9.307566     3.717268    -4.034239
 C    -9.173852    -4.946645    -3.632787
 C    -8.555258    -4.401692    -2.537709
 C    -7.204818    -3.956440    -2.616514
 C    -6.495356    -4.142135    -3.830995
 C    -7.126720    -4.679538    -4.926941
 C    -8.478416    -5.072207    -4.855332
 N    -9.106835    -5.577235    -5.962075
 C    -9.311453    -4.221375    -1.259805
 C    -5.053238    -3.747241    -3.944859
 C    -8.690877    -5.217639    -7.261121
 C    -8.469886    -3.878937    -7.577559
 C   -11.326535    -6.257776    -6.659269
 C   -10.207920    -6.451685    -5.850617
 C   -12.396223    -7.128613    -6.564445
 C   -12.358443    -8.190373    -5.670453
 C   -11.242361    -8.381033    -4.868413
 C   -10.163631    -7.519382    -4.955930
 C    -8.546753    -6.204183    -8.234325
 C    -8.161631    -5.848992    -9.513608
 C    -7.925375    -4.517657    -9.830151
 C    -8.082643    -3.536826    -8.861169
 H    -5.371662    -0.345580     5.428381
 H    -1.847533     0.475327     3.163708
 H    -6.821216    -2.613354     3.297185
 H    -7.464696    -1.086285     2.730574
 H    -7.245121    -1.356207     4.458450
 H    -2.928146    -1.400311     0.178915
 H    -1.568170    -0.631916     0.991847
 H    -2.821393     0.346447     0.237501
 H    -1.040512     2.157189     6.732002
 H    -4.535553     2.575478     4.599833
 H    -5.918692     4.130548     5.905076
 H    -5.862199     4.081025     8.382158
 H    -4.408157     2.434879     9.527956
 H    -3.050196     0.857814     8.227910
 H    -2.003724    -1.762267     5.299771
 H     0.215319    -2.553150     5.978327
 H     1.821643    -1.008594     7.065247
 H     1.165138     1.350880     7.440679
 H    -4.110765    -3.569980     2.621387
 H    -6.095010    -5.946535    -1.269160
 H    -7.850605    -1.472181    -3.082688
 H    -5.859233     0.882594     0.814940
 H    -2.907038    -5.522378     4.230512
 H    -2.086357    -7.652758     5.157148
 H    -2.469813    -9.789921     4.043957
 H    -3.555887   -11.049569     1.934141
 H    -4.808959   -10.820269    -0.146060
 H    -5.574600    -8.631491    -0.978424
 H    -7.354186     5.765546    -0.337633
 H    -6.486534     3.616346     0.498552
 H    -8.655353     5.934521    -2.394259
 H    -9.128591     0.363143    -4.632030
 H   -10.055285     2.451651    -5.565875
 H    -9.732692     4.609286    -4.477863
 H   -10.217888    -5.226737    -3.580323
 H    -6.573200    -4.840250    -5.843707
 H   -10.310124    -4.652438    -1.316913
 H    -9.405528    -3.162967    -1.014559
 H    -8.779680    -4.686430    -0.429641
 H    -4.947441    -2.851464    -4.558495
 H    -4.467019    -4.538157    -4.413566
 H    -4.614540    -3.534646    -2.974402
 H    -8.621486    -3.112445    -6.828977
 H   -11.361823    -5.423202    -7.347025
 H   -13.267796    -6.972078    -7.184992
 H   -13.197412    -8.868997    -5.600335
 H   -11.204473    -9.213488    -4.179539
 H    -9.283840    -7.681206    -4.347187
 H    -8.721873    -7.242341    -7.984564
 H    -8.037033    -6.616254   -10.265370
 H    -7.625513    -4.245028   -10.832641
 H    -7.916863    -2.497368    -9.107789
